000000554625.jpg 0 62 64 66 
000000118113.jpg 39 60 69 73 
000000384213.jpg 39 45 69 71 73 
000000337264.jpg 0 39 41 44 45 74 
000000111076.jpg 0 39 61 71 
000000171062.jpg 15 60 62 
000000415746.jpg 52 54 55 56 60 
000000065267.jpg 45 56 57 62 73 75 
000000087199.jpg 0 41 60 67 
000000191270.jpg 0 72 73 
000000284042.jpg 73 76 
000000158497.jpg 16 39 40 41 43 44 45 68 72 
000000261062.jpg 39 56 57 58 60 75 
000000356544.jpg 0 16 
000000096097.jpg 15 56 
000000238691.jpg 0 24 26 28 39 
000000554273.jpg 0 25 29 
000000425762.jpg 48 60 
000000205605.jpg 39 40 68 
000000095132.jpg 59 73 
000000230982.jpg 0 65 
000000355179.jpg 0 56 57 65 
000000428718.jpg 0 2 26 58 67 
000000131920.jpg 39 41 
000000229688.jpg 0 41 42 56 60 62 
000000051533.jpg 56 60 
000000535506.jpg 0 39 40 41 43 45 68 69 71 73 
000000104326.jpg 43 56 58 60 68 69 71 74 
000000135356.jpg 0 41 45 57 62 71 72 
000000170849.jpg 0 14 
000000178941.jpg 15 45 56 63 64 
000000059752.jpg 0 8 
000000105102.jpg 42 43 50 60 
000000533407.jpg 0 39 63 
000000214527.jpg 0 24 74 
000000251798.jpg 0 39 78 
000000292103.jpg 0 39 41 42 43 45 60 
000000063848.jpg 41 42 60 
000000449296.jpg 39 41 44 45 69 71 
000000538092.jpg 0 39 41 69 71 72 
000000513129.jpg 0 41 71 
000000173379.jpg 45 47 60 
000000474862.jpg 0 8 13 
000000507921.jpg 2 
000000465295.jpg 15 62 73 
000000076082.jpg 0 2 3 25 26 
000000079686.jpg 45 56 60 73 
000000268856.jpg 0 57 62 65 75 77 
000000275781.jpg 0 41 62 71 75 
000000241141.jpg 0 7 12 
000000502397.jpg 0 2 7 12 58 
000000238459.jpg 2 19 
000000378658.jpg 0 26 28 
000000359164.jpg 2 16 56 
000000286785.jpg 0 2 22 26 
000000110435.jpg 0 16 41 71 
000000390731.jpg 0 43 55 60 73 
000000301305.jpg 0 39 40 41 43 55 56 60 
000000478528.jpg 26 39 41 56 57 75 
000000552832.jpg 0 57 62 65 73 
000000288874.jpg 41 45 74 75 
000000090429.jpg 56 75 
000000265227.jpg 0 41 42 43 44 60 
000000301201.jpg 41 45 73 
000000233311.jpg 45 49 60 
000000357943.jpg 0 13 16 18 26 
000000517967.jpg 0 56 63 
000000555299.jpg 0 17 
000000297425.jpg 0 43 55 56 
000000495388.jpg 0 41 48 52 60 
000000250345.jpg 0 53 60 
000000433574.jpg 0 56 57 67 
000000373713.jpg 0 39 56 62 63 
000000381615.jpg 41 56 58 73 75 
000000420490.jpg 42 45 56 58 60 71 72 
000000389445.jpg 26 39 71 
000000243456.jpg 15 41 63 73 
000000372706.jpg 0 2 5 7 
000000240210.jpg 0 5 14 
000000255769.jpg 2 5 
000000136328.jpg 0 
000000028582.jpg 50 60 
000000368280.jpg 0 2 24 26 28 32 
000000132121.jpg 39 56 57 59 60 62 75 
000000133679.jpg 45 56 58 72 
000000581736.jpg 0 73 
000000357805.jpg 0 15 63 66 
000000356878.jpg 0 39 56 63 73 
000000178795.jpg 41 42 43 44 45 60 
000000399879.jpg 0 41 56 60 69 72 
000000544432.jpg 0 39 45 56 60 68 69 72 
000000561578.jpg 2 74 
000000144062.jpg 61 73 
000000139169.jpg 0 3 73 
000000519153.jpg 56 
000000211476.jpg 45 50 60 
000000516641.jpg 41 44 45 47 60 
000000493867.jpg 56 59 
000000526892.jpg 0 37 73 
000000347766.jpg 41 62 64 66 67 
000000568281.jpg 39 41 45 56 62 68 72 
000000525381.jpg 0 34 35 41 56 
000000161047.jpg 39 41 56 60 68 69 71 
000000071549.jpg 26 77 
000000067537.jpg 0 13 26 27 39 41 42 44 45 60 
000000293964.jpg 0 45 69 72 
000000122839.jpg 0 2 26 74 
000000140151.jpg 0 46 
000000452218.jpg 0 32 
000000376347.jpg 0 37 
000000556216.jpg 0 32 38 56 
000000019712.jpg 0 26 67 
000000073622.jpg 0 2 56 
000000281534.jpg 0 1 2 7 13 58 73 
000000337826.jpg 0 18 
000000521874.jpg 0 6 13 
000000145666.jpg 45 50 51 
000000209808.jpg 48 60 
000000231589.jpg 0 56 59 
000000349936.jpg 41 55 56 57 60 62 73 
000000498997.jpg 0 56 63 66 73 
000000422200.jpg 0 13 24 39 67 
000000416862.jpg 0 56 68 72 
000000074137.jpg 0 74 
000000307784.jpg 43 71 
000000088988.jpg 39 41 43 44 66 68 69 71 
000000206784.jpg 39 44 45 58 68 69 71 72 74 
000000192291.jpg 39 71 
000000541493.jpg 39 58 71 75 
000000304379.jpg 0 2 27 
000000046870.jpg 2 3 
000000334513.jpg 2 6 
000000256899.jpg 45 50 60 
000000080698.jpg 0 34 35 
000000373793.jpg 39 61 71 
000000216861.jpg 0 1 16 
000000243600.jpg 0 27 56 58 60 73 75 
000000117093.jpg 3 24 41 
000000429633.jpg 0 3 
000000237964.jpg 0 2 
000000281512.jpg 0 2 10 11 
000000212112.jpg 0 2 7 56 
000000382717.jpg 2 7 16 39 
000000569926.jpg 41 43 45 46 49 60 
000000551944.jpg 0 30 
000000575349.jpg 0 54 60 71 
000000573565.jpg 41 44 55 60 62 
000000283561.jpg 56 57 59 62 65 
000000246105.jpg 0 39 43 55 56 60 
000000411282.jpg 41 53 60 
000000483311.jpg 0 24 26 33 
000000019090.jpg 0 26 67 
000000223357.jpg 41 57 58 75 
000000022461.jpg 44 45 60 
000000381925.jpg 0 13 26 
000000315209.jpg 2 
000000482476.jpg 0 26 67 
000000094033.jpg 0 24 26 29 
000000209130.jpg 0 32 34 35 56 73 
000000425526.jpg 42 43 45 47 48 49 60 
000000085764.jpg 45 50 56 60 
000000519573.jpg 0 36 
000000349647.jpg 0 39 45 53 60 
000000491856.jpg 41 45 56 57 58 62 73 75 
000000464339.jpg 15 45 57 73 74 75 
000000526188.jpg 0 33 
000000242968.jpg 56 62 75 
000000309775.jpg 39 41 44 45 
000000338146.jpg 45 69 71 
000000334975.jpg 0 2 13 
000000354369.jpg 73 
000000257920.jpg 0 2 5 
000000395890.jpg 0 27 73 
000000348524.jpg 0 30 31 
000000387250.jpg 0 39 54 
000000503926.jpg 56 58 62 63 73 
000000366655.jpg 0 34 56 
000000506052.jpg 0 67 
000000068881.jpg 42 43 51 60 
000000064909.jpg 0 14 43 44 69 
000000320480.jpg 0 41 69 71 
000000345401.jpg 61 71 
000000366831.jpg 2 9 13 
000000496897.jpg 0 16 24 58 
000000481670.jpg 0 30 
000000215062.jpg 41 42 50 51 60 
000000085914.jpg 50 60 
000000422516.jpg 0 39 41 42 45 53 60 
000000259336.jpg 41 62 64 66 73 
000000274134.jpg 0 13 56 60 73 
000000303778.jpg 0 34 
000000137315.jpg 0 41 45 56 60 
000000205570.jpg 0 40 44 45 60 
000000044294.jpg 43 45 69 71 72 76 
000000356533.jpg 68 71 72 
000000320246.jpg 0 1 13 24 26 
000000098493.jpg 0 2 7 56 74 
000000111030.jpg 0 26 
000000161602.jpg 0 2 36 
000000399452.jpg 41 42 43 44 45 48 56 60 
000000487482.jpg 0 38 
000000075412.jpg 0 56 57 60 75 
000000083059.jpg 17 45 56 57 58 73 75 
000000204802.jpg 0 62 65 
000000480400.jpg 0 41 56 63 64 66 
000000439215.jpg 41 44 55 60 
000000203661.jpg 39 41 43 45 56 60 68 71 73 
000000543178.jpg 69 71 
000000339256.jpg 71 
000000495252.jpg 0 2 36 41 
000000150508.jpg 0 13 56 73 
000000153103.jpg 50 60 66 
000000446285.jpg 0 36 
000000224647.jpg 0 32 38 
000000424601.jpg 0 33 56 
000000038336.jpg 0 39 56 63 73 
000000381610.jpg 0 53 69 
000000507317.jpg 0 75 
000000303204.jpg 0 41 42 45 58 60 
000000044677.jpg 0 39 41 42 43 45 60 
000000395621.jpg 0 39 41 44 45 67 69 71 
000000363431.jpg 15 44 45 56 58 60 
000000226400.jpg 15 45 56 
000000356043.jpg 0 27 
000000083013.jpg 0 20 
000000137297.jpg 0 13 24 38 
000000019592.jpg 0 13 24 38 39 41 
000000254869.jpg 0 40 41 57 60 65 
000000111062.jpg 38 56 62 73 75 
000000548962.jpg 0 41 56 57 62 63 65 73 74 
000000304689.jpg 0 58 60 76 
000000168355.jpg 0 44 45 
000000472253.jpg 0 41 56 60 62 
000000060704.jpg 0 2 13 24 
000000234953.jpg 0 26 28 
000000340804.jpg 0 2 67 
000000412036.jpg 45 60 
000000277025.jpg 0 40 41 44 45 56 60 
000000268059.jpg 0 41 44 45 
000000003035.jpg 2 4 7 
000000021378.jpg 0 8 
000000044508.jpg 0 27 
000000532003.jpg 0 2 26 29 41 58 60 
000000213843.jpg 41 43 55 
000000247639.jpg 0 37 
000000536891.jpg 0 41 56 60 62 
000000565405.jpg 56 58 62 63 64 66 
000000320872.jpg 0 42 43 53 60 
000000302026.jpg 2 39 56 68 
000000151521.jpg 0 41 42 43 56 60 69 
000000470256.jpg 39 45 58 60 69 71 72 
000000128119.jpg 0 1 5 24 26 67 
000000067765.jpg 0 24 56 60 76 
000000504103.jpg 0 2 
000000270316.jpg 0 7 
000000099645.jpg 14 15 16 39 62 73 
000000042667.jpg 0 28 56 57 
000000159463.jpg 16 56 57 60 73 75 
000000100770.jpg 45 60 
000000196074.jpg 0 43 45 55 62 66 67 73 
000000291597.jpg 44 56 57 60 62 68 70 71 72 
000000192810.jpg 0 32 34 
000000375232.jpg 13 24 39 58 60 63 
000000436791.jpg 0 67 
000000515885.jpg 39 75 
000000124930.jpg 0 40 41 43 44 45 
000000385377.jpg 0 39 40 60 
000000570659.jpg 39 41 43 45 58 69 71 
000000267135.jpg 39 41 45 46 56 60 65 67 71 73 75 
000000452695.jpg 68 69 71 72 
000000413056.jpg 41 43 44 45 56 60 69 71 
000000097017.jpg 71 
000000195042.jpg 39 45 71 
000000292945.jpg 0 13 39 
000000246928.jpg 56 59 
000000364596.jpg 0 1 2 9 26 
000000516224.jpg 2 6 13 
000000414102.jpg 0 15 41 
000000559656.jpg 2 24 26 28 
000000536166.jpg 0 17 19 
000000357916.jpg 0 32 35 
000000296492.jpg 0 39 41 43 45 47 71 
000000096110.jpg 41 52 60 
000000012153.jpg 0 41 44 46 56 60 69 72 
000000402786.jpg 56 59 60 
000000578821.jpg 39 41 45 53 60 
000000371503.jpg 0 32 
000000472256.jpg 0 41 60 63 65 
000000427965.jpg 0 15 16 56 57 62 
000000512276.jpg 26 56 57 62 65 
000000082431.jpg 0 13 74 
000000496525.jpg 0 45 57 60 62 65 
000000160811.jpg 56 63 64 
000000506803.jpg 0 56 63 64 67 
000000444531.jpg 45 46 68 69 71 72 74 
000000133680.jpg 0 1 2 7 13 
000000391810.jpg 0 2 7 
000000532976.jpg 0 2 7 13 60 
000000577277.jpg 0 56 57 73 
000000260230.jpg 0 52 
000000339413.jpg 0 41 48 54 55 
000000313928.jpg 37 39 40 56 60 
000000484151.jpg 0 41 56 60 67 73 
000000270222.jpg 0 74 
000000396461.jpg 39 43 44 45 69 71 
000000398554.jpg 39 41 71 
000000195306.jpg 61 71 
000000390190.jpg 39 41 61 71 74 79 
000000158384.jpg 16 39 56 62 63 64 66 73 
000000163728.jpg 15 41 64 
000000169808.jpg 42 60 
000000243091.jpg 45 50 
000000556064.jpg 0 26 41 42 43 48 56 60 
000000546928.jpg 0 39 53 
000000266117.jpg 16 39 56 57 65 67 73 77 
000000451324.jpg 0 41 56 60 63 67 69 
000000538775.jpg 0 26 40 60 74 
000000124004.jpg 39 41 44 45 46 47 56 58 60 68 69 71 74 75 
000000517623.jpg 0 5 26 
000000332916.jpg 0 2 41 
000000400178.jpg 2 
000000031471.jpg 0 19 
000000162523.jpg 0 36 
000000511333.jpg 0 59 71 
000000037456.jpg 0 39 41 56 57 60 65 73 
000000521292.jpg 0 67 
000000444955.jpg 0 13 24 67 
000000219546.jpg 39 42 43 44 45 56 60 
000000261175.jpg 39 41 43 44 56 57 60 68 69 71 72 74 
000000113082.jpg 39 44 45 48 56 60 68 69 71 72 75 
000000117899.jpg 56 60 68 71 72 74 
000000216051.jpg 0 13 16 
000000155216.jpg 0 2 9 
000000357552.jpg 0 2 5 
000000349888.jpg 15 62 73 
000000463611.jpg 15 39 45 71 
000000455608.jpg 42 55 60 
000000443218.jpg 0 59 67 73 
000000220045.jpg 0 38 
000000463498.jpg 45 56 57 60 62 
000000272880.jpg 0 41 42 43 53 60 
000000418292.jpg 0 39 44 45 48 69 
000000353435.jpg 0 39 41 42 43 44 45 48 56 60 74 
000000106113.jpg 0 13 27 40 41 45 56 60 
000000470704.jpg 39 40 60 73 
000000523174.jpg 15 56 57 60 
000000378467.jpg 0 13 26 28 
000000069009.jpg 0 21 
000000558864.jpg 39 41 43 51 60 
000000268322.jpg 56 59 
000000228085.jpg 56 73 
000000325459.jpg 0 62 65 
000000252388.jpg 0 71 79 
000000102904.jpg 24 56 57 
000000182236.jpg 0 26 27 41 58 63 65 73 
000000156474.jpg 62 64 66 73 
000000282553.jpg 0 26 67 
000000296383.jpg 60 67 
000000106575.jpg 0 72 
000000442128.jpg 0 39 68 69 71 72 
000000306212.jpg 45 56 60 68 71 72 
000000424247.jpg 0 26 41 44 45 56 60 
000000045835.jpg 0 40 41 43 60 
000000439837.jpg 39 45 58 71 
000000146112.jpg 0 1 41 56 60 74 
000000025972.jpg 1 2 7 11 39 57 
000000085268.jpg 39 41 71 79 
000000260275.jpg 2 9 10 
000000371869.jpg 0 9 26 
000000002822.jpg 2 5 11 
000000272688.jpg 0 20 
000000366499.jpg 44 53 67 73 
000000353405.jpg 56 75 
000000321332.jpg 0 39 40 41 43 45 53 60 67 
000000115241.jpg 53 60 
000000382617.jpg 41 64 73 
000000354559.jpg 0 77 
000000020908.jpg 0 39 41 42 43 44 45 47 49 55 56 60 
000000016599.jpg 0 2 13 14 24 26 74 
000000390157.jpg 0 39 40 60 
000000107922.jpg 0 39 44 45 56 68 69 71 72 
000000278338.jpg 39 71 
000000482707.jpg 2 3 
000000053484.jpg 0 16 41 62 
000000295683.jpg 0 2 9 
000000124297.jpg 0 2 9 
000000249158.jpg 2 
000000471785.jpg 0 39 52 
000000186927.jpg 39 59 62 
000000410587.jpg 45 57 58 
000000558673.jpg 56 57 60 62 68 72 73 
000000226805.jpg 56 57 58 62 73 
000000062244.jpg 0 41 53 60 75 
000000415538.jpg 0 67 73 
000000049048.jpg 0 2 67 
000000525860.jpg 45 69 
000000058758.jpg 56 68 69 72 
000000580613.jpg 0 2 3 
000000179229.jpg 0 8 
000000129786.jpg 14 39 56 57 60 62 
000000286774.jpg 2 39 56 62 64 66 67 73 
000000318174.jpg 41 56 60 63 67 73 
000000381246.jpg 0 39 41 45 53 56 60 
000000027221.jpg 0 58 67 
000000278435.jpg 0 3 16 26 
000000374487.jpg 0 3 
000000314147.jpg 0 27 56 60 
000000473415.jpg 0 8 
000000451679.jpg 0 2 56 60 69 
000000345559.jpg 0 2 41 42 43 56 58 60 
000000058937.jpg 0 39 40 42 43 45 56 60 
000000426172.jpg 39 43 56 60 73 
000000288847.jpg 15 41 56 60 
000000254929.jpg 0 41 53 60 
000000550350.jpg 39 57 65 
000000159030.jpg 56 57 60 
000000385842.jpg 73 75 
000000322482.jpg 0 28 67 
000000192079.jpg 0 41 42 43 44 45 60 69 73 
000000408071.jpg 0 2 55 60 
000000014635.jpg 0 41 42 43 44 45 56 60 62 69 
000000025860.jpg 0 39 41 44 45 60 63 69 71 72 73 
000000062491.jpg 0 61 71 
000000529004.jpg 2 19 
000000038465.jpg 2 9 
000000109340.jpg 2 5 7 
000000228552.jpg 2 12 
000000239575.jpg 0 8 24 25 
000000015953.jpg 47 55 60 
000000382533.jpg 62 
000000382307.jpg 0 39 44 45 62 73 
000000109894.jpg 2 13 58 74 
000000457616.jpg 0 26 34 39 41 
000000560677.jpg 0 26 38 56 
000000302806.jpg 39 41 43 68 69 
000000160192.jpg 43 45 55 60 
000000132652.jpg 0 67 
000000009275.jpg 0 39 41 56 60 
000000260655.jpg 0 39 40 41 42 43 45 48 60 
000000467887.jpg 0 56 57 60 63 64 
000000367424.jpg 39 41 44 45 60 
000000064474.jpg 0 39 44 45 58 68 71 
000000487631.jpg 2 7 18 
000000310564.jpg 10 56 60 
000000147586.jpg 41 54 60 
000000456012.jpg 0 26 39 40 56 60 
000000107239.jpg 0 42 43 53 56 60 
000000334118.jpg 41 44 45 60 
000000119617.jpg 39 41 43 44 45 71 
000000121215.jpg 71 
000000354098.jpg 0 39 61 
000000208761.jpg 0 26 28 
000000530500.jpg 0 41 45 57 58 73 
000000344279.jpg 56 57 62 65 
000000292324.jpg 41 45 56 57 58 60 75 
000000526446.jpg 0 34 35 56 
000000169872.jpg 39 41 56 63 64 66 67 73 74 
000000022176.jpg 0 2 7 24 26 
000000149298.jpg 39 72 
000000136920.jpg 58 61 71 
000000069944.jpg 0 2 5 24 26 
000000576449.jpg 0 5 7 56 
000000142826.jpg 25 56 60 
000000039866.jpg 0 25 
000000117095.jpg 0 21 24 73 
000000345419.jpg 0 37 
000000272678.jpg 0 41 42 60 63 64 
000000543231.jpg 0 45 59 65 73 
000000279265.jpg 0 24 26 39 56 57 60 69 71 72 
000000064121.jpg 0 39 43 44 56 60 69 72 73 74 
000000408989.jpg 0 39 41 69 
000000245430.jpg 0 2 26 74 
000000449466.jpg 0 39 41 43 69 71 
000000422350.jpg 39 41 71 72 74 76 
000000558671.jpg 0 16 39 43 45 69 71 72 
000000254644.jpg 39 41 43 44 58 69 
000000385508.jpg 0 45 60 75 
000000511430.jpg 40 41 43 45 58 62 68 69 71 72 75 
000000034474.jpg 39 61 71 
000000170393.jpg 0 2 12 
000000233164.jpg 2 7 9 
000000502895.jpg 2 6 
000000407202.jpg 2 16 62 
000000145436.jpg 41 43 49 60 
000000452312.jpg 42 43 48 60 
000000206257.jpg 41 56 62 63 64 
000000437720.jpg 0 56 60 63 75 
000000218060.jpg 0 39 67 
000000232287.jpg 60 68 69 
000000271929.jpg 0 26 67 
000000331395.jpg 0 1 39 40 41 60 73 
000000359563.jpg 39 41 43 44 45 71 76 
000000580388.jpg 0 39 41 43 56 60 72 73 
000000276631.jpg 45 50 
000000373857.jpg 56 62 73 74 
000000572525.jpg 0 2 5 24 28 
000000508218.jpg 0 2 22 
000000043375.jpg 43 47 60 
000000254225.jpg 42 45 48 60 
000000362094.jpg 0 41 54 56 60 74 
000000365305.jpg 53 60 
000000369185.jpg 45 56 57 60 62 73 
000000181655.jpg 0 26 41 42 44 45 56 60 67 
000000221846.jpg 0 41 42 43 60 63 67 73 
000000080131.jpg 0 39 43 45 49 69 
000000078313.jpg 41 45 56 60 75 
000000450786.jpg 0 74 
000000569841.jpg 0 2 17 
000000359232.jpg 0 13 34 35 
000000020641.jpg 0 41 43 44 45 55 56 60 
000000473370.jpg 0 39 62 63 66 
000000102947.jpg 41 56 57 58 60 62 63 
000000250917.jpg 0 2 41 45 57 60 67 
000000116133.jpg 0 39 40 60 
000000547630.jpg 41 44 60 73 
000000523230.jpg 0 13 39 
000000306619.jpg 0 13 32 
000000355450.jpg 41 45 57 71 73 75 
000000020175.jpg 0 39 41 43 58 68 69 72 
000000317237.jpg 0 44 45 46 56 60 69 72 
000000318574.jpg 0 1 39 74 
000000467311.jpg 2 5 7 
000000507934.jpg 0 60 
000000443749.jpg 0 2 7 14 
000000387392.jpg 0 24 25 26 
000000179990.jpg 0 42 43 49 53 60 
000000098413.jpg 0 42 43 44 45 56 60 
000000527344.jpg 0 45 50 51 
000000088572.jpg 0 36 
000000439518.jpg 41 48 60 
000000096496.jpg 0 55 56 
000000253577.jpg 0 39 40 42 53 60 
000000165100.jpg 45 56 57 62 65 73 
000000470305.jpg 0 2 7 33 47 
000000475804.jpg 39 71 78 
000000433951.jpg 41 53 
000000442557.jpg 39 44 45 
000000352073.jpg 0 39 67 
000000256731.jpg 0 43 44 45 56 60 62 68 69 71 72 
000000494199.jpg 43 71 
000000321330.jpg 61 73 
000000349474.jpg 0 2 9 
000000438978.jpg 0 4 7 
000000309618.jpg 0 41 56 63 
000000292058.jpg 0 2 11 24 
000000535528.jpg 0 25 
000000062872.jpg 0 29 
000000470957.jpg 0 17 
000000053897.jpg 0 50 56 
000000182997.jpg 0 39 41 42 43 45 48 56 60 
000000026655.jpg 0 41 42 43 56 60 
000000441205.jpg 0 56 57 62 
000000221592.jpg 56 58 59 60 62 75 
000000003789.jpg 16 24 56 57 63 67 73 
000000531388.jpg 57 58 62 
000000452789.jpg 41 45 49 60 
000000161438.jpg 0 44 45 50 56 60 
000000507370.jpg 0 71 
000000037183.jpg 0 1 2 24 26 
000000336491.jpg 0 18 26 56 
000000499693.jpg 2 9 10 
000000210079.jpg 0 7 16 26 
000000511188.jpg 0 7 26 
000000311827.jpg 0 1 39 41 57 58 62 63 64 65 67 
000000014487.jpg 0 26 52 
000000292579.jpg 41 54 56 60 
000000068422.jpg 45 56 60 69 71 72 
000000297273.jpg 0 2 26 39 41 45 53 56 60 
000000176671.jpg 0 57 65 73 
000000376381.jpg 0 26 41 56 57 58 65 73 
000000202128.jpg 32 39 41 62 63 64 66 73 
000000358066.jpg 56 57 62 
000000493791.jpg 0 26 56 67 
000000351141.jpg 0 34 35 56 
000000269718.jpg 69 
000000530848.jpg 56 77 
000000431492.jpg 41 
000000312143.jpg 56 58 60 75 
000000387153.jpg 39 41 45 68 69 70 71 
000000562341.jpg 39 44 45 69 71 
000000220096.jpg 39 43 44 68 69 71 72 
000000359375.jpg 71 
000000276009.jpg 0 2 3 7 9 
000000082523.jpg 0 2 10 26 
000000039464.jpg 1 2 
000000131197.jpg 0 18 24 26 
000000322388.jpg 0 18 56 60 
000000503104.jpg 0 2 7 
000000466797.jpg 0 20 
000000187012.jpg 0 13 25 56 60 
000000180205.jpg 0 56 
000000328727.jpg 13 56 60 73 74 
000000056032.jpg 39 41 53 60 
000000209603.jpg 0 43 45 53 56 60 
000000257434.jpg 0 56 57 65 73 
000000489785.jpg 0 16 24 26 39 56 57 62 65 73 
000000543729.jpg 47 65 73 
000000165610.jpg 39 41 42 45 53 56 60 
000000533451.jpg 0 39 40 41 43 44 45 56 60 
000000509034.jpg 0 44 45 69 71 
000000118785.jpg 0 41 42 43 50 60 
000000447062.jpg 0 63 
000000427362.jpg 0 2 9 24 
000000504336.jpg 41 43 45 68 69 71 72 
000000208200.jpg 61 71 
000000274665.jpg 56 57 62 73 74 
000000024585.jpg 0 2 4 7 
000000180048.jpg 0 13 26 56 
000000120375.jpg 0 2 9 
000000134396.jpg 0 25 56 
000000232723.jpg 39 49 52 
000000055202.jpg 0 45 52 60 
000000503478.jpg 41 60 67 
000000111759.jpg 0 7 9 67 
000000310348.jpg 0 40 41 60 
000000050961.jpg 43 44 45 69 
000000078059.jpg 39 71 
000000185961.jpg 0 62 73 
000000329501.jpg 0 
000000016837.jpg 0 6 24 
000000184669.jpg 0 2 7 9 39 
000000053864.jpg 15 63 73 
000000058103.jpg 0 20 
000000153716.jpg 0 13 36 
000000426146.jpg 41 43 48 
000000448409.jpg 56 57 60 62 65 73 
000000267985.jpg 0 56 63 64 73 
000000008999.jpg 2 63 73 
000000568640.jpg 0 39 
000000516771.jpg 0 26 56 74 
000000078610.jpg 39 43 60 69 71 
000000245096.jpg 0 43 44 45 68 71 
000000279065.jpg 39 40 58 71 75 
000000573018.jpg 0 39 56 63 67 73 
000000263084.jpg 0 26 71 
000000026943.jpg 2 9 
000000397976.jpg 0 23 
000000309412.jpg 0 6 11 
000000572405.jpg 0 2 7 26 
000000212445.jpg 0 2 9 17 
000000556406.jpg 2 22 
000000299643.jpg 0 41 42 45 48 60 
000000127256.jpg 59 62 64 66 
000000269561.jpg 0 41 43 55 60 
000000208121.jpg 26 39 56 59 73 
000000388852.jpg 0 13 39 41 53 56 57 60 
000000198289.jpg 0 38 
000000074078.jpg 16 26 41 57 62 65 73 75 
000000185486.jpg 0 32 34 
000000576427.jpg 0 62 63 66 
000000323132.jpg 0 26 67 
000000052572.jpg 60 75 
000000433296.jpg 0 39 41 45 56 60 69 71 72 74 
000000298853.jpg 0 15 39 72 
000000340217.jpg 0 39 43 45 69 71 
000000500515.jpg 26 39 45 56 58 60 68 69 71 
000000372824.jpg 0 1 9 24 26 
000000515202.jpg 45 46 70 
000000205125.jpg 41 43 44 45 48 49 
000000186606.jpg 0 32 34 35 56 
000000467334.jpg 56 57 60 62 73 
000000293418.jpg 56 57 58 60 62 74 
000000152788.jpg 57 58 60 75 
000000157700.jpg 62 63 64 66 
000000374994.jpg 24 39 67 73 76 
000000513683.jpg 0 39 40 58 60 73 
000000100300.jpg 0 27 56 60 67 
000000500457.jpg 0 41 42 45 56 60 
000000213003.jpg 0 41 56 63 65 66 67 
000000002989.jpg 41 43 
000000552755.jpg 26 46 56 58 60 73 
000000415232.jpg 0 43 45 69 
000000576855.jpg 0 13 16 41 
000000491830.jpg 0 2 9 
000000466451.jpg 0 2 7 56 
000000055879.jpg 0 17 
000000099619.jpg 0 22 
000000514391.jpg 46 49 60 
000000399208.jpg 0 39 40 41 43 48 60 
000000249875.jpg 41 42 55 60 
000000113668.jpg 41 45 47 56 60 73 74 
000000249807.jpg 0 7 25 26 33 56 60 
000000182367.jpg 0 24 
000000271992.jpg 0 39 41 45 72 
000000252457.jpg 39 56 77 
000000320957.jpg 0 44 46 47 49 51 56 58 60 
000000334470.jpg 39 41 45 48 62 63 66 
000000350737.jpg 0 56 58 60 69 
000000332463.jpg 39 41 45 56 60 68 69 71 74 
000000166126.jpg 2 9 
000000322536.jpg 0 15 56 58 62 63 
000000516261.jpg 0 16 41 57 58 60 63 73 
000000242731.jpg 0 32 35 39 56 
000000502838.jpg 0 55 56 57 60 
000000121665.jpg 59 73 
000000416598.jpg 0 26 39 41 53 60 63 
000000503479.jpg 45 56 57 58 60 73 75 
000000126135.jpg 0 56 58 63 64 
000000505949.jpg 0 39 63 
000000401515.jpg 0 63 64 
000000038888.jpg 0 60 67 
000000385313.jpg 41 44 45 60 
000000005769.jpg 0 2 74 
000000111455.jpg 41 42 43 60 
000000058541.jpg 0 39 41 44 45 68 
000000388753.jpg 0 2 15 58 
000000215878.jpg 39 41 68 73 74 
000000346503.jpg 39 41 68 69 71 72 
000000517931.jpg 0 13 32 39 
000000272510.jpg 56 62 66 73 77 
000000287221.jpg 16 39 56 60 66 
000000154868.jpg 0 45 46 47 49 
000000426031.jpg 0 2 24 35 
000000386896.jpg 39 41 43 51 60 
000000073040.jpg 0 13 24 30 56 
000000519723.jpg 56 62 64 66 
000000393719.jpg 56 57 60 62 73 
000000174303.jpg 0 57 65 
000000570741.jpg 0 65 73 
000000005115.jpg 15 57 62 63 65 73 74 
000000384261.jpg 41 64 66 77 
000000144322.jpg 0 60 63 66 73 
000000443829.jpg 45 51 60 
000000340535.jpg 0 39 40 41 42 43 45 60 
000000070346.jpg 39 41 71 
000000450904.jpg 0 39 41 61 71 
000000185983.jpg 41 71 
000000329152.jpg 2 12 
000000495570.jpg 0 2 3 
000000096526.jpg 0 26 47 60 67 73 
000000075423.jpg 0 2 5 
000000341335.jpg 39 41 
000000445355.jpg 0 27 
000000387087.jpg 0 24 28 56 58 62 75 
000000394756.jpg 49 55 60 
000000425177.jpg 0 41 55 56 60 
000000368876.jpg 0 24 62 73 
000000361670.jpg 0 39 41 56 60 
000000129871.jpg 0 26 39 41 56 57 58 60 62 65 73 
000000333134.jpg 0 39 44 45 54 60 71 
000000544457.jpg 41 56 74 75 
000000551073.jpg 0 26 39 40 74 
000000262519.jpg 41 68 69 71 73 
000000382423.jpg 0 39 41 45 56 58 60 69 
000000018802.jpg 16 39 43 68 69 71 74 
000000512872.jpg 39 41 43 45 58 68 71 75 
000000390879.jpg 0 1 2 13 26 67 
000000107109.jpg 58 60 62 73 75 
000000393207.jpg 0 2 5 25 26 
000000553378.jpg 15 26 
000000283720.jpg 0 15 39 62 73 
000000318179.jpg 0 27 45 56 60 
000000412908.jpg 0 25 58 
000000123800.jpg 0 8 
000000031082.jpg 0 2 17 26 56 
000000197690.jpg 0 34 35 56 
000000178000.jpg 0 13 32 
000000053939.jpg 0 9 24 26 39 41 56 60 63 67 
000000059367.jpg 0 41 56 57 65 
000000297181.jpg 56 57 62 65 73 
000000407806.jpg 0 56 60 67 
000000172340.jpg 0 56 74 
000000191994.jpg 41 44 45 48 
000000002415.jpg 0 19 
000000472148.jpg 58 71 
000000231387.jpg 39 71 75 
000000553796.jpg 0 13 56 
000000160302.jpg 0 5 7 28 
000000289231.jpg 0 5 26 
000000063043.jpg 0 2 19 25 
000000204219.jpg 0 27 41 44 55 56 60 
000000541299.jpg 25 56 
000000126513.jpg 50 60 
000000467246.jpg 0 32 38 
000000575417.jpg 0 43 53 56 60 
000000563584.jpg 0 56 60 63 67 
000000464650.jpg 0 39 40 45 56 58 60 
000000575060.jpg 0 45 
000000443336.jpg 0 74 
000000347849.jpg 0 4 27 
000000178526.jpg 45 49 56 60 69 70 71 72 
000000441232.jpg 71 
000000399095.jpg 0 39 46 62 
000000474378.jpg 2 9 12 
000000558448.jpg 0 24 30 
000000293587.jpg 0 41 59 
000000001958.jpg 0 56 57 62 65 
000000451359.jpg 39 56 57 69 71 72 
000000117721.jpg 0 56 58 60 73 74 
000000086412.jpg 56 62 66 77 
000000387338.jpg 0 71 76 
000000340065.jpg 43 68 69 71 72 
000000470471.jpg 0 56 
000000100271.jpg 13 56 60 
000000365140.jpg 0 2 6 
000000270198.jpg 0 2 7 
000000230135.jpg 0 2 28 56 
000000470321.jpg 0 2 35 
000000535688.jpg 28 59 73 74 
000000318638.jpg 0 39 41 53 56 60 
000000563208.jpg 56 57 58 60 75 
000000421108.jpg 0 16 41 56 57 60 73 75 
000000045537.jpg 0 56 62 73 
000000154083.jpg 0 33 
000000570601.jpg 0 32 35 56 
000000530124.jpg 0 13 34 39 
000000154704.jpg 0 41 42 43 56 60 
000000228160.jpg 0 26 40 60 
000000269434.jpg 39 41 44 45 47 56 60 69 71 
000000511693.jpg 41 56 60 69 71 
000000285998.jpg 39 56 58 60 69 71 75 
000000416284.jpg 39 71 
000000226695.jpg 39 71 
000000530869.jpg 0 13 45 58 71 
000000167243.jpg 0 3 41 
000000239436.jpg 0 13 39 
000000006148.jpg 0 5 
000000222371.jpg 0 34 
000000009112.jpg 0 2 7 14 26 
000000198600.jpg 2 11 
000000391219.jpg 0 7 26 
000000305752.jpg 0 15 41 56 63 66 
000000291236.jpg 46 47 60 
000000200311.jpg 54 60 
000000047972.jpg 0 43 55 
000000130215.jpg 56 62 64 66 67 
000000189675.jpg 56 62 64 66 
000000550355.jpg 0 39 41 56 63 73 
000000439801.jpg 0 1 41 56 58 67 
000000229825.jpg 0 39 40 45 60 
000000072872.jpg 0 39 40 60 
000000417295.jpg 0 39 40 60 
000000253873.jpg 0 39 45 68 
000000260634.jpg 0 39 40 41 56 69 
000000066327.jpg 41 44 58 60 71 75 
000000466624.jpg 39 41 71 79 
000000526172.jpg 0 2 3 5 26 
000000354429.jpg 0 2 3 24 26 
000000119304.jpg 0 3 26 
000000068576.jpg 56 62 
000000530282.jpg 0 2 5 7 24 
000000078196.jpg 0 2 25 26 56 
000000405842.jpg 0 2 29 74 
000000244428.jpg 45 46 49 56 60 
000000121661.jpg 39 41 45 56 60 63 64 65 73 
000000245682.jpg 56 57 
000000456035.jpg 0 41 45 46 56 60 73 75 
000000489100.jpg 56 57 58 60 62 65 73 75 
000000568369.jpg 0 27 39 41 42 43 56 60 
000000486168.jpg 42 43 45 49 60 
000000483690.jpg 39 41 45 56 69 72 75 
000000095213.jpg 0 39 44 45 
000000224272.jpg 1 2 16 58 
000000140708.jpg 39 71 
000000127035.jpg 39 45 75 
000000153790.jpg 0 2 
000000042156.jpg 2 6 13 
000000070297.jpg 0 36 
000000372980.jpg 0 32 
000000082833.jpg 56 57 60 73 74 
000000311678.jpg 41 64 66 
000000187735.jpg 0 34 35 
000000466378.jpg 46 60 72 
000000187972.jpg 61 71 
000000220428.jpg 71 
000000090173.jpg 2 16 
000000073892.jpg 0 4 
000000280339.jpg 0 2 5 13 60 
000000309873.jpg 0 26 39 60 63 73 
000000123371.jpg 0 19 73 
000000405605.jpg 0 31 
000000199381.jpg 0 32 35 56 
000000020917.jpg 39 41 44 45 51 
000000503416.jpg 41 44 45 
000000574635.jpg 41 48 60 
000000116134.jpg 43 55 60 
000000512506.jpg 0 38 39 56 
000000523151.jpg 0 38 
000000458321.jpg 0 56 63 
000000248839.jpg 0 39 41 56 60 77 
000000304789.jpg 41 42 45 47 60 
000000428126.jpg 0 39 40 56 60 
000000023258.jpg 0 26 39 40 60 73 
000000058861.jpg 71 
000000383828.jpg 0 62 
000000540848.jpg 0 2 5 
000000329148.jpg 0 2 5 9 
000000479984.jpg 2 5 
000000118989.jpg 0 5 26 
000000160610.jpg 0 1 2 5 26 74 
000000294564.jpg 0 13 24 25 26 56 60 
000000560885.jpg 0 17 26 
000000271416.jpg 45 46 60 
000000234949.jpg 0 2 46 56 
000000035127.jpg 41 62 63 73 
000000221663.jpg 0 26 57 60 67 74 75 
000000273371.jpg 39 40 41 68 72 
000000048572.jpg 42 45 60 
000000064310.jpg 0 56 62 64 66 67 
000000022193.jpg 0 39 44 45 69 71 73 74 
000000525438.jpg 0 2 12 
000000481828.jpg 0 39 43 68 69 70 
000000353056.jpg 0 44 45 56 60 
000000013172.jpg 0 2 13 
000000115003.jpg 0 2 10 
000000491440.jpg 0 2 7 
000000396907.jpg 2 
000000003535.jpg 0 2 7 9 
000000405520.jpg 0 55 62 
000000109338.jpg 0 2 7 56 60 
000000439678.jpg 0 2 29 
000000203702.jpg 0 2 22 
000000295798.jpg 0 17 26 
000000412641.jpg 43 55 60 
000000095201.jpg 0 37 
000000102004.jpg 0 39 45 49 55 58 60 62 74 
000000322407.jpg 39 56 57 60 62 74 75 
000000280814.jpg 39 41 56 57 60 68 73 
000000501067.jpg 0 67 
000000412545.jpg 2 39 72 
000000458453.jpg 0 2 3 
000000529140.jpg 43 44 56 60 68 69 71 72 
000000028231.jpg 0 1 2 58 
000000058270.jpg 0 45 61 71 
000000510006.jpg 2 15 
000000485193.jpg 2 
000000336286.jpg 0 16 24 
000000560009.jpg 0 2 26 27 
000000571462.jpg 2 41 45 74 
000000220216.jpg 47 56 58 73 
000000362314.jpg 0 26 39 41 48 56 60 72 
000000024086.jpg 0 26 41 55 57 60 73 
000000278418.jpg 0 2 32 
000000506011.jpg 0 41 43 44 45 55 56 60 
000000263041.jpg 0 39 56 65 73 
000000481452.jpg 41 56 62 63 64 66 73 
000000265980.jpg 56 63 64 67 
000000246434.jpg 0 39 56 63 64 67 73 
000000511392.jpg 0 41 56 60 68 73 
000000229787.jpg 0 56 58 68 73 75 
000000376776.jpg 0 39 43 55 69 
000000081994.jpg 39 41 75 
000000097130.jpg 0 41 45 56 60 75 
000000565564.jpg 39 41 45 67 71 73 
000000042725.jpg 0 39 41 45 58 71 72 
000000329235.jpg 71 
000000164552.jpg 0 45 55 60 62 63 67 
000000520094.jpg 0 41 43 55 56 60 
000000488547.jpg 0 2 56 
000000466621.jpg 0 6 
000000411849.jpg 2 6 
000000339987.jpg 15 56 73 
000000282590.jpg 0 16 29 
000000504178.jpg 0 24 30 
000000328217.jpg 0 41 54 56 62 64 66 73 
000000341350.jpg 41 56 62 66 
000000259443.jpg 0 13 38 58 60 
000000467146.jpg 0 39 41 44 45 60 69 
000000564789.jpg 60 72 75 
000000227558.jpg 41 58 75 
000000330420.jpg 0 39 
000000376791.jpg 0 41 56 60 
000000354821.jpg 0 2 28 68 
000000346754.jpg 41 44 45 56 60 68 69 71 72 75 
000000207215.jpg 0 1 2 60 
000000153985.jpg 0 39 56 58 63 64 66 73 
000000539716.jpg 2 10 
000000370261.jpg 0 2 5 
000000087263.jpg 0 27 56 
000000229250.jpg 0 47 49 56 
000000348291.jpg 0 32 
000000188762.jpg 0 41 53 60 
000000126235.jpg 39 56 62 65 73 
000000495304.jpg 39 41 42 43 53 60 
000000455374.jpg 39 42 45 60 
000000110809.jpg 8 39 41 42 43 56 60 
000000129700.jpg 0 27 58 60 73 75 
000000007539.jpg 0 41 44 45 60 
000000028981.jpg 45 60 65 
000000523484.jpg 0 15 39 41 45 56 60 72 73 74 
000000222572.jpg 0 39 43 45 60 68 69 71 76 
000000303592.jpg 0 15 
000000391486.jpg 39 49 56 60 
000000203905.jpg 0 30 31 
000000009514.jpg 0 30 
000000566432.jpg 41 54 60 65 
000000189224.jpg 0 62 63 73 
000000103437.jpg 0 39 41 42 44 56 60 
000000482802.jpg 60 
000000288948.jpg 39 41 45 69 72 74 
000000179915.jpg 71 
000000289621.jpg 0 1 10 24 26 
000000376921.jpg 0 2 7 
000000449865.jpg 0 27 39 
000000384391.jpg 39 44 46 47 48 49 60 
000000308197.jpg 16 56 57 60 
000000570037.jpg 0 2 26 74 
000000306475.jpg 0 41 45 60 67 
000000418196.jpg 0 41 43 55 56 60 
000000101781.jpg 39 41 42 45 60 69 73 
000000303076.jpg 0 39 41 43 44 45 51 60 69 71 72 
000000481144.jpg 0 45 69 71 72 
000000402776.jpg 0 39 40 60 
000000547633.jpg 39 41 44 45 69 71 
000000436649.jpg 0 43 56 69 72 
000000564966.jpg 39 40 60 
000000019546.jpg 39 41 45 56 60 69 71 75 
000000251660.jpg 0 1 2 9 24 
000000416281.jpg 39 67 
000000312137.jpg 0 56 63 64 73 
000000454659.jpg 0 2 3 41 
000000117639.jpg 0 2 3 7 9 
000000122164.jpg 0 2 9 
000000087871.jpg 0 15 41 62 64 66 73 
000000504140.jpg 46 49 51 60 
000000514451.jpg 39 43 60 
000000391031.jpg 40 41 42 50 60 
000000499788.jpg 0 30 
000000315399.jpg 2 56 59 
000000485543.jpg 0 62 73 
000000502933.jpg 0 39 41 65 73 
000000059910.jpg 0 39 40 41 45 56 57 62 
000000505188.jpg 0 39 41 65 67 73 
000000576526.jpg 0 41 42 43 55 56 60 
000000193594.jpg 0 39 43 44 45 69 
000000067936.jpg 0 24 26 39 41 44 45 60 68 69 71 
000000456996.jpg 0 71 
000000238623.jpg 39 71 77 
000000054286.jpg 0 2 3 7 
000000134262.jpg 0 16 62 66 73 
000000087443.jpg 0 3 
000000337687.jpg 0 2 
000000360165.jpg 0 16 41 
000000533079.jpg 0 47 
000000532510.jpg 43 51 60 
000000170712.jpg 0 26 41 44 48 56 58 60 
000000398036.jpg 0 41 57 63 65 73 
000000093838.jpg 0 65 73 
000000280850.jpg 56 57 60 68 69 73 74 75 
000000067297.jpg 56 57 62 64 66 67 73 
000000535961.jpg 39 41 72 
000000470811.jpg 0 41 42 45 56 60 
000000480576.jpg 0 26 41 43 45 56 60 67 
000000489199.jpg 0 16 39 44 45 68 71 
000000371654.jpg 39 43 44 45 56 60 69 
000000148541.jpg 0 39 41 44 
000000487693.jpg 0 2 36 41 56 
000000392030.jpg 39 40 45 56 60 68 69 71 72 
000000428576.jpg 39 41 45 56 58 60 69 71 72 75 
000000346351.jpg 0 13 24 26 73 
000000019202.jpg 2 
000000351134.jpg 0 11 26 
000000573988.jpg 2 
000000221311.jpg 0 1 26 28 
000000445915.jpg 39 47 
000000084383.jpg 0 7 54 
000000168368.jpg 0 39 56 57 65 
000000320077.jpg 45 56 57 60 62 
000000565886.jpg 56 57 60 62 73 
000000337068.jpg 24 39 56 58 60 63 73 75 
000000388871.jpg 0 38 
000000461530.jpg 0 39 46 48 60 
000000538517.jpg 0 24 26 67 
000000206454.jpg 0 39 40 56 60 72 
000000197762.jpg 0 40 41 42 56 60 
000000312718.jpg 56 60 68 69 70 71 
000000409744.jpg 61 71 
000000086754.jpg 0 13 16 
000000250630.jpg 0 13 24 26 
000000041763.jpg 0 2 9 10 
000000485059.jpg 0 40 41 44 45 48 60 
000000248879.jpg 0 32 
000000410331.jpg 0 25 39 41 43 53 56 60 
000000502126.jpg 41 56 58 62 64 66 73 
000000364169.jpg 0 60 63 
000000437817.jpg 0 2 7 40 41 56 60 
000000444470.jpg 0 40 41 42 43 56 60 
000000059571.jpg 0 39 41 68 69 73 
000000246852.jpg 39 41 45 56 60 69 71 73 
000000126728.jpg 1 13 58 
000000008659.jpg 0 3 
000000163591.jpg 0 24 26 28 73 
000000307825.jpg 0 8 
000000529827.jpg 0 41 59 73 
000000048710.jpg 56 59 60 
000000228943.jpg 0 62 65 73 
000000037847.jpg 0 40 56 58 60 
000000295267.jpg 71 
000000526337.jpg 0 2 3 9 26 
000000458027.jpg 0 2 7 18 
000000512787.jpg 0 7 11 39 
000000423243.jpg 0 25 
000000238001.jpg 0 24 26 28 
000000335713.jpg 0 62 63 73 
000000440766.jpg 45 46 47 60 73 
000000508200.jpg 41 45 49 
000000473549.jpg 0 14 62 
000000569052.jpg 53 60 
000000555336.jpg 56 58 60 75 
000000134227.jpg 41 56 60 73 
000000273898.jpg 0 1 2 7 13 67 
000000434502.jpg 42 45 
000000359139.jpg 0 24 39 40 
000000354827.jpg 0 39 41 43 45 58 69 73 
000000085252.jpg 0 8 
000000215987.jpg 0 8 
000000244875.jpg 2 15 
000000476145.jpg 0 2 
000000312825.jpg 0 2 7 56 
000000057018.jpg 0 2 7 
000000125694.jpg 0 24 42 55 56 60 
000000474237.jpg 0 36 
000000517349.jpg 0 15 59 73 
000000522897.jpg 39 56 59 60 
000000142970.jpg 39 40 42 43 60 
000000325665.jpg 13 56 57 63 
000000099159.jpg 39 43 76 
000000099321.jpg 73 74 
000000116326.jpg 0 39 41 45 56 60 62 72 
000000406518.jpg 0 41 43 71 
000000198793.jpg 0 39 41 45 50 60 71 
000000038730.jpg 0 39 67 73 
000000100319.jpg 0 2 13 
000000308936.jpg 0 56 62 
000000380859.jpg 0 13 26 
000000140762.jpg 0 13 73 
000000222395.jpg 14 39 41 47 60 
000000313818.jpg 0 67 
000000189880.jpg 0 15 57 63 
000000174213.jpg 0 
000000144049.jpg 45 56 60 67 
000000055385.jpg 0 24 39 42 44 45 55 60 67 
000000134673.jpg 59 73 77 
000000325966.jpg 0 13 56 63 
000000270443.jpg 0 38 
000000306570.jpg 0 41 42 43 53 56 60 
000000321960.jpg 56 62 63 67 73 
000000330785.jpg 0 77 
000000572826.jpg 39 41 72 
000000468095.jpg 45 60 
000000277150.jpg 0 2 7 26 67 
000000243910.jpg 16 39 46 56 60 69 
000000283996.jpg 71 
000000298189.jpg 44 45 51 60 
000000530950.jpg 0 2 9 26 41 54 
000000572865.jpg 0 2 10 
000000011398.jpg 15 56 59 60 
000000580620.jpg 0 15 39 59 77 
000000491585.jpg 0 27 60 
000000411912.jpg 0 20 24 
000000458594.jpg 0 13 22 
000000190792.jpg 0 47 
000000568872.jpg 0 36 
000000214724.jpg 56 57 62 73 
000000427005.jpg 0 56 62 65 73 
000000337232.jpg 42 44 45 60 73 75 
000000388148.jpg 0 39 43 45 
000000394623.jpg 39 43 47 49 60 68 69 71 72 
000000364437.jpg 39 41 71 
000000126389.jpg 39 41 56 62 63 64 66 67 73 
000000158713.jpg 0 3 24 
000000117300.jpg 0 27 
000000012574.jpg 0 8 
000000251082.jpg 0 55 56 
000000413716.jpg 0 42 55 
000000173527.jpg 59 73 
000000214453.jpg 0 56 57 58 62 
000000243253.jpg 0 79 
000000258327.jpg 0 65 73 
000000310875.jpg 0 2 32 38 
000000087616.jpg 0 41 56 62 63 
000000050760.jpg 41 
000000054194.jpg 0 41 42 43 56 58 60 
000000100753.jpg 39 41 45 51 60 
000000564451.jpg 39 41 43 44 45 56 60 71 74 
000000084959.jpg 0 43 44 45 46 68 69 
000000508278.jpg 45 56 68 69 71 
000000176536.jpg 0 1 2 25 
000000083153.jpg 0 2 9 24 26 
000000406514.jpg 2 7 11 
000000470798.jpg 16 60 73 
000000493526.jpg 0 24 25 
000000446512.jpg 0 16 39 
000000180267.jpg 0 2 
000000022102.jpg 0 39 42 43 53 56 60 
000000316481.jpg 0 13 26 37 56 60 
000000392269.jpg 0 40 45 55 56 60 69 
000000093183.jpg 45 56 60 76 
000000561106.jpg 41 56 62 64 66 67 73 
000000110123.jpg 0 41 56 62 63 64 
000000376828.jpg 39 45 58 72 
000000178430.jpg 0 56 
000000537497.jpg 41 44 45 48 60 
000000538336.jpg 40 41 42 43 44 45 60 
000000433441.jpg 0 44 56 
000000493375.jpg 39 68 71 
000000130492.jpg 24 28 39 56 73 78 
000000291786.jpg 61 71 
000000140738.jpg 0 56 73 
000000018535.jpg 0 25 26 37 56 
000000469509.jpg 16 41 43 49 56 60 
000000240101.jpg 0 56 57 58 60 65 75 
000000278752.jpg 39 41 62 64 66 
000000101719.jpg 63 67 73 
000000065207.jpg 0 62 63 
000000139372.jpg 42 43 44 60 75 
000000570963.jpg 0 68 69 71 
000000018093.jpg 0 45 56 60 69 
000000287265.jpg 39 43 69 72 
000000113276.jpg 0 69 72 
000000434894.jpg 39 41 42 43 44 45 60 
000000134772.jpg 0 41 45 56 58 71 
000000542180.jpg 0 24 26 67 
000000013770.jpg 15 73 
000000538798.jpg 2 5 
000000563711.jpg 2 7 
000000381305.jpg 0 13 16 25 26 32 39 41 73 
000000229058.jpg 0 13 25 56 
000000433063.jpg 39 46 
000000246761.jpg 45 50 
000000291493.jpg 41 42 48 60 
000000366068.jpg 56 59 73 
000000317905.jpg 0 58 62 64 66 73 
000000398936.jpg 0 38 
000000538846.jpg 40 41 43 53 60 
000000212083.jpg 0 62 65 
000000034120.jpg 0 39 41 56 57 58 60 65 
000000372482.jpg 39 41 56 57 60 63 73 
000000400200.jpg 0 13 24 38 
000000256230.jpg 0 15 45 
000000135125.jpg 39 71 78 79 
000000554367.jpg 0 23 
000000033642.jpg 0 2 5 
000000277384.jpg 0 6 24 
000000183940.jpg 0 6 26 
000000338475.jpg 15 41 
000000508262.jpg 0 25 56 
000000040893.jpg 45 50 60 
000000463778.jpg 0 30 31 
000000334187.jpg 0 39 41 43 55 60 
000000441168.jpg 0 62 65 73 
000000102667.jpg 0 13 26 39 41 56 60 74 
000000463702.jpg 39 56 58 60 75 
000000493698.jpg 0 2 13 41 44 45 60 
000000541338.jpg 39 41 42 44 45 56 60 
000000080549.jpg 69 71 72 
000000102315.jpg 39 41 45 56 60 69 71 72 73 75 
000000409443.jpg 41 74 
000000019756.jpg 56 58 59 62 
000000287041.jpg 0 16 41 56 62 65 71 72 
000000023951.jpg 0 33 
000000101952.jpg 41 56 62 63 64 66 73 
000000023420.jpg 0 34 
000000151200.jpg 0 34 
000000015107.jpg 41 45 71 
000000425418.jpg 0 39 40 41 43 45 60 
000000201431.jpg 0 16 24 26 58 
000000139258.jpg 26 39 71 78 79 
000000028058.jpg 0 2 6 24 
000000431133.jpg 0 2 9 19 26 
000000426016.jpg 2 12 
000000419384.jpg 2 7 9 
000000010759.jpg 2 7 
000000282042.jpg 0 1 2 24 25 26 58 
000000192516.jpg 2 7 16 56 
000000236141.jpg 0 31 
000000158293.jpg 39 41 42 43 48 60 
000000411451.jpg 0 41 45 48 56 60 
000000424503.jpg 41 48 60 
000000329756.jpg 0 41 43 45 55 56 60 
000000276753.jpg 0 39 53 60 
000000337761.jpg 0 56 62 67 
000000209246.jpg 0 41 56 67 
000000475523.jpg 39 41 56 72 73 
000000398419.jpg 1 41 45 56 58 60 69 71 
000000554750.jpg 39 56 60 62 71 73 
000000077095.jpg 13 39 57 62 69 71 
000000351783.jpg 0 39 43 45 72 
000000185281.jpg 13 42 43 56 58 60 
000000011638.jpg 0 61 71 
000000438965.jpg 0 4 
000000279288.jpg 0 2 26 
000000048134.jpg 73 75 
000000495182.jpg 0 46 56 60 
000000018542.jpg 0 39 71 79 
000000433101.jpg 39 56 57 60 62 
000000516774.jpg 0 39 41 45 56 57 60 62 63 
000000040398.jpg 0 16 41 42 43 44 56 60 
000000140481.jpg 0 27 40 41 42 43 56 60 
000000062743.jpg 0 39 40 41 42 43 44 45 60 
000000350560.jpg 0 39 41 56 60 63 67 
000000473085.jpg 39 71 
000000151211.jpg 0 2 5 16 26 
000000388905.jpg 14 44 45 58 60 
000000381837.jpg 41 62 63 64 66 67 73 
000000495947.jpg 0 2 5 
000000057639.jpg 0 42 43 45 55 60 
000000325654.jpg 39 42 45 
000000230554.jpg 0 2 13 25 32 
000000099417.jpg 1 41 55 76 
000000398772.jpg 39 56 59 72 73 
000000142689.jpg 0 43 68 71 
000000221400.jpg 43 76 
000000023735.jpg 41 42 43 44 49 60 
000000374454.jpg 0 2 7 24 26 
000000488960.jpg 0 42 55 60 
000000181829.jpg 0 39 45 58 60 69 71 72 
000000570412.jpg 39 61 71 
000000151764.jpg 0 2 77 
000000314254.jpg 0 52 62 
000000329661.jpg 0 13 16 24 46 60 
000000271987.jpg 0 8 14 
000000479103.jpg 0 8 
000000569353.jpg 0 25 56 60 
000000192295.jpg 44 45 50 60 
000000525709.jpg 52 60 
000000579968.jpg 59 73 
000000228732.jpg 0 41 56 57 63 
000000545721.jpg 0 41 42 43 53 56 60 
000000063662.jpg 0 57 59 62 65 73 
000000065884.jpg 40 41 56 57 58 60 62 75 
000000572949.jpg 0 39 41 56 57 60 63 74 
000000247318.jpg 39 41 71 72 73 
000000522616.jpg 39 41 43 44 45 56 60 69 
000000339862.jpg 45 47 
000000129772.jpg 49 60 
000000399181.jpg 16 56 58 60 
000000311066.jpg 15 56 60 73 
000000569827.jpg 0 7 8 
000000056784.jpg 45 46 
000000115260.jpg 0 41 54 60 
000000096500.jpg 0 26 41 42 53 56 60 
000000264362.jpg 43 45 60 
000000451727.jpg 1 43 56 60 68 69 71 73 
000000503567.jpg 0 39 41 57 60 68 69 72 
000000055169.jpg 61 71 
000000483752.jpg 0 2 11 
000000221755.jpg 0 17 
000000139952.jpg 41 55 60 
000000435456.jpg 0 27 51 
000000224149.jpg 39 55 
000000362683.jpg 0 43 45 55 58 
000000191261.jpg 0 59 
000000105358.jpg 0 56 57 65 73 
000000199721.jpg 0 57 62 65 
000000421611.jpg 45 56 57 58 60 73 75 
000000377159.jpg 0 34 
000000062053.jpg 63 64 67 73 
000000460885.jpg 0 56 63 64 
000000322634.jpg 0 39 41 45 62 67 72 
000000121952.jpg 0 39 41 60 65 67 
000000157190.jpg 0 39 41 44 45 68 69 
000000169262.jpg 56 60 75 
000000299466.jpg 41 42 60 73 
000000284008.jpg 41 42 43 44 48 60 73 
000000183171.jpg 0 39 41 45 55 60 
000000504257.jpg 0 26 45 50 69 71 
000000141860.jpg 0 39 41 44 45 46 47 56 60 68 69 72 
000000511930.jpg 0 39 41 43 44 45 53 60 69 
000000310562.jpg 0 39 43 44 45 69 71 
000000080526.jpg 39 40 42 60 
000000480773.jpg 39 61 71 
000000385381.jpg 45 47 49 56 60 
000000491140.jpg 0 13 26 
000000108042.jpg 0 20 
000000286639.jpg 41 44 45 50 
000000235582.jpg 0 39 40 41 55 60 
000000398962.jpg 56 57 60 62 
000000099745.jpg 0 45 60 
000000027109.jpg 0 39 45 63 72 
000000272228.jpg 0 39 41 42 43 44 45 56 60 
000000235268.jpg 17 41 44 56 60 69 71 72 
000000082122.jpg 39 41 56 58 60 62 68 69 71 72 
000000297828.jpg 0 2 5 7 58 
000000388820.jpg 2 7 
000000253332.jpg 0 2 7 9 
000000116503.jpg 15 16 41 56 
000000059741.jpg 16 39 
000000066503.jpg 46 47 60 
000000468137.jpg 0 32 38 56 58 62 
000000075682.jpg 0 2 56 60 63 66 67 
000000445689.jpg 60 75 
000000343898.jpg 2 9 
000000052562.jpg 0 8 14 58 
000000512735.jpg 0 43 60 
000000146449.jpg 37 39 41 58 
000000089931.jpg 0 27 55 56 60 
000000255203.jpg 0 44 55 60 
000000070660.jpg 56 57 58 60 62 73 75 
000000160255.jpg 0 56 57 65 
000000033733.jpg 44 45 56 58 60 63 64 67 75 
000000528080.jpg 41 56 62 63 64 66 67 73 
000000101874.jpg 41 44 60 63 67 
000000558092.jpg 41 42 44 60 
000000497311.jpg 41 42 56 60 
000000382559.jpg 13 39 41 45 56 60 68 71 72 
000000302756.jpg 0 19 
000000380717.jpg 56 59 61 71 
000000326761.jpg 2 62 
000000147896.jpg 0 2 7 
000000551100.jpg 0 1 2 20 
000000526648.jpg 0 8 
000000520980.jpg 21 
000000095029.jpg 0 39 41 51 60 77 
000000291677.jpg 0 24 26 39 56 57 58 60 62 65 72 
000000076406.jpg 0 41 42 44 45 56 60 
000000521428.jpg 39 40 56 60 
000000572084.jpg 39 45 68 69 71 72 
000000222829.jpg 71 
000000248034.jpg 0 13 26 41 67 
000000172105.jpg 0 27 56 
000000102029.jpg 0 16 26 41 45 56 60 75 
000000465457.jpg 39 41 43 45 46 60 
000000117366.jpg 0 7 26 50 51 60 
000000370763.jpg 44 45 51 
000000339796.jpg 39 77 
000000250579.jpg 41 43 45 60 
000000086932.jpg 39 58 60 72 75 
000000557021.jpg 0 39 40 60 
000000278224.jpg 0 41 56 60 
000000085235.jpg 0 39 60 71 
000000544086.jpg 44 45 69 
000000446266.jpg 39 41 42 43 44 45 71 
000000056910.jpg 58 71 
000000196917.jpg 0 5 7 23 
000000192852.jpg 0 24 25 26 
000000500576.jpg 0 17 
000000041561.jpg 60 73 
000000103315.jpg 0 36 
000000527751.jpg 43 45 55 60 
000000294325.jpg 0 39 62 
000000077174.jpg 40 41 44 45 48 51 56 60 
000000558584.jpg 0 39 41 43 53 56 60 
000000573724.jpg 56 58 
000000356948.jpg 45 63 66 67 
000000001822.jpg 0 39 41 56 57 60 62 
000000125259.jpg 0 41 42 43 56 60 
000000121560.jpg 41 56 60 75 
000000309003.jpg 0 24 56 63 64 67 73 
000000443248.jpg 0 39 45 56 67 
000000264843.jpg 56 58 60 75 
000000230061.jpg 0 58 75 
000000012422.jpg 41 76 
000000137788.jpg 16 39 43 
000000241905.jpg 0 45 47 60 72 
000000141809.jpg 2 8 
000000450735.jpg 0 19 
000000146256.jpg 0 20 56 
000000384232.jpg 0 2 17 
000000432506.jpg 0 45 46 
000000119923.jpg 41 45 49 60 
000000253848.jpg 45 50 60 
000000232377.jpg 42 45 51 52 
000000551275.jpg 44 45 51 60 
000000090869.jpg 0 39 45 55 
000000444692.jpg 0 13 32 
000000325833.jpg 41 56 57 62 65 73 
000000551427.jpg 39 40 41 43 44 45 60 68 69 70 74 
000000187336.jpg 0 43 45 69 73 
000000554949.jpg 0 41 43 44 45 71 
000000346724.jpg 0 26 71 
000000004830.jpg 39 41 71 
000000346425.jpg 0 13 
000000254449.jpg 0 5 13 14 24 26 67 
000000523304.jpg 0 13 26 73 
000000145161.jpg 0 32 39 73 74 
000000090678.jpg 0 2 7 29 
000000326594.jpg 39 41 44 45 47 60 
000000159823.jpg 0 42 55 56 60 
000000555755.jpg 39 41 57 65 67 73 
000000136064.jpg 0 39 41 56 57 65 73 
000000317537.jpg 39 56 57 60 62 65 74 
000000135242.jpg 0 39 60 62 65 
000000280340.jpg 0 41 45 53 57 60 
000000547869.jpg 24 39 42 43 44 45 60 
000000263434.jpg 41 62 63 64 66 73 
000000438045.jpg 0 56 63 64 
000000065504.jpg 42 44 60 
000000296843.jpg 39 60 
000000394071.jpg 0 2 13 24 26 
000000328902.jpg 41 71 
000000007584.jpg 39 71 
000000105820.jpg 15 45 73 
000000074686.jpg 39 61 71 
000000118960.jpg 0 2 15 24 
000000499662.jpg 16 56 60 73 
000000429225.jpg 16 56 62 
000000271760.jpg 0 22 
000000569479.jpg 0 31 
000000415203.jpg 59 73 
000000044360.jpg 0 58 62 65 73 
000000537127.jpg 56 57 65 73 
000000406268.jpg 0 40 63 67 
000000146103.jpg 0 24 26 56 67 
000000220449.jpg 39 44 45 48 56 60 
000000193287.jpg 0 39 41 44 45 56 60 69 
000000564681.jpg 0 43 45 49 71 74 
000000194643.jpg 0 1 56 62 
000000110665.jpg 39 71 75 
000000323372.jpg 0 13 48 58 73 
000000251293.jpg 0 34 
000000504550.jpg 21 
000000183539.jpg 0 63 66 
000000140284.jpg 0 41 42 43 45 56 60 73 
000000322405.jpg 0 26 39 41 45 56 58 60 68 69 71 
000000531948.jpg 41 71 75 
000000165955.jpg 56 62 73 
000000075474.jpg 0 2 9 
000000416169.jpg 0 29 
000000517453.jpg 39 49 60 
000000435688.jpg 55 58 60 
000000449528.jpg 39 41 63 64 73 
000000075587.jpg 0 39 56 63 64 
000000234100.jpg 0 41 56 63 67 74 
000000392448.jpg 0 13 26 56 67 
000000105470.jpg 0 39 56 57 
000000028835.jpg 0 26 56 
000000362349.jpg 43 44 60 
000000402563.jpg 0 39 40 41 71 76 
000000287804.jpg 2 41 45 60 69 71 72 
000000511285.jpg 58 69 71 75 
000000447834.jpg 0 39 41 60 
000000279041.jpg 26 57 71 
000000569308.jpg 0 2 9 26 58 
000000148554.jpg 0 2 
000000200010.jpg 25 56 58 60 75 
000000104792.jpg 25 41 56 60 63 
000000260741.jpg 16 41 
000000015391.jpg 0 21 
000000313674.jpg 0 29 
000000530497.jpg 41 42 43 49 60 
000000473372.jpg 46 49 60 
000000142378.jpg 50 52 60 
000000128015.jpg 51 73 
000000225100.jpg 0 54 
000000404666.jpg 41 42 44 48 56 60 
000000233904.jpg 0 32 
000000469934.jpg 56 62 
000000309878.jpg 56 57 73 75 
000000058658.jpg 39 63 64 65 66 67 
000000479461.jpg 0 39 41 56 63 
000000266912.jpg 45 68 72 
000000318306.jpg 39 40 41 42 43 60 
000000053335.jpg 0 1 2 
000000268159.jpg 0 41 45 71 73 
000000477555.jpg 0 26 39 41 69 71 
000000379578.jpg 0 3 
000000416516.jpg 0 1 2 13 25 26 
000000223992.jpg 0 24 26 27 73 
000000148506.jpg 0 25 
000000046372.jpg 0 24 25 26 56 
000000004719.jpg 39 42 52 56 60 
000000373078.jpg 0 32 35 
000000437292.jpg 0 2 5 7 26 36 
000000238286.jpg 41 44 56 60 63 
000000505903.jpg 39 44 45 60 
000000024971.jpg 0 33 
000000188854.jpg 0 26 56 60 67 
000000007603.jpg 0 63 67 73 
000000456485.jpg 0 13 26 67 
000000377017.jpg 0 67 
000000519541.jpg 0 26 67 
000000460980.jpg 0 26 67 
000000384953.jpg 41 44 45 60 
000000544709.jpg 45 46 56 69 71 72 
000000146186.jpg 39 41 43 44 45 68 69 71 75 
000000353098.jpg 0 28 41 44 56 59 62 63 
000000408163.jpg 0 2 
000000436759.jpg 0 2 6 27 
000000418811.jpg 0 2 11 
000000046260.jpg 7 39 
000000308040.jpg 16 56 57 58 75 
000000026764.jpg 45 49 60 
000000236316.jpg 42 44 45 47 60 
000000328298.jpg 41 43 44 45 48 60 
000000249664.jpg 41 48 60 
000000579419.jpg 0 32 56 
000000409063.jpg 0 39 40 41 42 43 53 56 60 
000000421876.jpg 0 62 65 75 
000000002608.jpg 24 56 57 58 63 64 66 73 
000000389002.jpg 39 41 43 
000000305665.jpg 43 
000000313968.jpg 0 15 
000000540057.jpg 0 16 39 56 60 
000000352398.jpg 39 41 44 68 69 
000000292927.jpg 39 41 58 69 71 
000000440002.jpg 0 44 45 68 
000000107019.jpg 0 1 24 
000000340425.jpg 0 39 71 
000000485083.jpg 15 28 49 56 60 62 
000000392358.jpg 0 2 7 36 
000000323114.jpg 39 51 56 60 
000000283868.jpg 0 41 43 55 60 
000000465269.jpg 0 59 73 77 
000000502700.jpg 0 41 56 72 
000000308612.jpg 41 56 60 63 66 73 75 
000000379522.jpg 41 45 56 57 58 60 62 66 73 75 
000000328833.jpg 41 45 56 60 71 75 
000000313569.jpg 0 62 65 73 
000000026068.jpg 56 62 65 73 
000000577928.jpg 0 24 41 56 60 67 73 
000000296844.jpg 63 73 
000000091928.jpg 0 56 57 60 67 
000000433389.jpg 0 41 60 75 
000000489191.jpg 0 39 41 42 43 44 45 56 60 
000000279990.jpg 40 44 60 
000000367795.jpg 0 39 40 43 45 56 60 
000000563652.jpg 39 41 42 43 45 56 60 69 71 73 
000000499978.jpg 0 44 45 71 
000000407470.jpg 0 24 26 71 
000000190000.jpg 0 4 
000000315065.jpg 2 4 56 
000000230741.jpg 0 7 24 
000000432627.jpg 0 25 26 
000000451983.jpg 0 28 73 
000000127491.jpg 73 
000000012983.jpg 57 62 65 66 
000000253656.jpg 41 59 68 72 
000000309139.jpg 0 39 45 72 
000000018327.jpg 0 40 
000000134447.jpg 0 2 24 26 36 67 
000000492151.jpg 0 39 45 68 69 73 
000000185606.jpg 71 
000000131621.jpg 0 2 13 
000000171284.jpg 0 13 14 26 45 74 
000000331225.jpg 0 14 26 41 
000000385588.jpg 0 
000000421840.jpg 0 41 44 55 56 60 75 
000000037595.jpg 0 79 
000000323765.jpg 62 64 66 67 
000000077931.jpg 56 69 72 
000000348989.jpg 39 43 68 69 71 72 
000000145820.jpg 39 69 71 
000000501758.jpg 0 39 41 45 68 72 74 
000000424435.jpg 0 2 13 73 
000000159948.jpg 0 1 2 7 28 
000000438219.jpg 0 6 74 
000000501323.jpg 16 45 60 73 75 
000000329830.jpg 50 60 
000000188757.jpg 0 32 35 
000000458894.jpg 0 37 
000000380432.jpg 0 24 26 57 65 
000000077072.jpg 0 26 41 57 65 73 
000000000149.jpg 0 2 33 
000000105310.jpg 0 71 72 
000000153577.jpg 0 41 45 60 
000000537422.jpg 39 42 43 44 45 
000000383967.jpg 41 44 58 69 75 
000000391213.jpg 0 41 45 69 72 
000000337321.jpg 60 71 
000000550133.jpg 39 41 45 56 60 71 72 
000000426303.jpg 0 62 63 
000000554630.jpg 0 27 
000000568660.jpg 0 46 
000000277449.jpg 0 43 55 56 60 73 
000000109008.jpg 0 24 39 41 56 60 63 73 
000000285099.jpg 0 39 56 62 65 
000000273537.jpg 0 41 56 57 63 65 
000000432286.jpg 56 57 60 65 73 
000000413841.jpg 0 41 60 62 64 66 
000000336369.jpg 0 66 73 
000000144881.jpg 24 56 57 58 60 62 65 
000000519993.jpg 0 13 35 
000000230367.jpg 0 74 
000000269045.jpg 0 56 60 63 
000000419980.jpg 0 39 69 
000000424867.jpg 0 2 7 74 
000000406760.jpg 2 58 74 
000000282234.jpg 0 41 45 58 69 74 
000000512351.jpg 39 41 69 71 72 
000000577239.jpg 0 39 69 71 72 
000000473261.jpg 0 26 56 57 62 63 64 66 73 
000000185247.jpg 0 24 26 62 
000000020524.jpg 0 41 62 66 
000000137701.jpg 41 56 62 66 
000000310277.jpg 56 58 63 64 66 
000000380425.jpg 0 2 34 
000000130949.jpg 0 26 56 63 66 73 
000000386527.jpg 0 56 63 
000000125270.jpg 0 26 41 74 
000000130624.jpg 0 39 40 41 45 56 60 67 
000000148965.jpg 39 45 68 71 
000000457383.jpg 0 2 14 26 39 40 41 56 60 
000000149763.jpg 0 23 
000000360045.jpg 0 13 16 56 
000000094954.jpg 13 73 
000000107482.jpg 43 44 45 69 
000000334774.jpg 14 41 
000000280450.jpg 0 16 
000000455996.jpg 16 56 
000000107150.jpg 2 6 7 
000000227982.jpg 0 6 
000000525766.jpg 0 16 
000000201372.jpg 0 30 
000000475336.jpg 43 44 50 60 
000000460628.jpg 0 2 17 60 
000000500768.jpg 0 39 41 56 57 60 65 
000000311128.jpg 56 57 58 60 62 73 
000000379241.jpg 39 45 56 57 58 60 62 73 
000000535464.jpg 0 33 
000000400592.jpg 41 56 62 64 66 67 73 
000000179968.jpg 0 4 39 56 62 78 
000000581629.jpg 0 41 45 60 67 
000000389777.jpg 0 62 68 72 
000000566021.jpg 0 56 69 72 
000000248052.jpg 0 39 40 41 42 56 60 62 74 
000000533220.jpg 0 41 56 58 60 
000000020613.jpg 2 16 
000000068152.jpg 2 7 11 
000000555549.jpg 2 7 9 
000000227484.jpg 2 7 11 
000000511666.jpg 0 13 26 29 39 
000000293368.jpg 56 58 59 73 
000000019753.jpg 55 60 
000000073690.jpg 0 40 62 65 73 74 
000000397004.jpg 62 64 65 67 
000000099900.jpg 0 65 
000000155344.jpg 0 2 56 74 
000000501015.jpg 0 39 60 63 72 
000000051302.jpg 0 39 67 73 
000000419700.jpg 0 39 41 45 68 69 72 
000000169095.jpg 0 56 63 
000000384563.jpg 39 41 43 44 45 71 
000000258265.jpg 39 41 56 60 75 
000000480572.jpg 39 41 45 69 71 72 
000000435929.jpg 0 2 5 7 9 24 26 41 58 
000000060890.jpg 0 2 7 14 
000000265814.jpg 0 2 5 24 
000000567278.jpg 15 45 56 
000000558523.jpg 0 30 
000000418620.jpg 0 41 43 44 52 72 
000000059123.jpg 41 42 55 60 
000000087662.jpg 0 39 60 
000000306095.jpg 56 59 60 62 
000000498768.jpg 56 58 62 64 66 73 
000000510923.jpg 39 56 58 60 69 75 
000000341797.jpg 56 57 58 63 
000000537685.jpg 56 57 73 77 
000000406013.jpg 0 39 58 63 66 71 
000000554031.jpg 0 26 39 40 56 58 60 
000000299665.jpg 39 41 43 44 69 71 
000000428018.jpg 0 43 44 45 
000000074356.jpg 0 39 44 45 69 71 
000000339830.jpg 0 13 39 44 45 60 
000000372128.jpg 16 45 
000000127823.jpg 0 2 7 9 
000000081930.jpg 0 5 10 24 26 
000000040211.jpg 0 2 16 
000000204589.jpg 0 17 
000000156213.jpg 0 41 48 60 
000000219121.jpg 41 42 44 55 60 
000000055344.jpg 0 41 56 57 58 65 73 
000000204384.jpg 0 62 65 73 
000000222369.jpg 0 34 
000000359565.jpg 39 73 75 
000000532234.jpg 0 67 
000000018359.jpg 0 57 77 
000000009012.jpg 0 39 41 42 43 44 45 48 55 60 
000000485465.jpg 39 40 60 
000000232218.jpg 39 41 71 79 
000000264791.jpg 39 41 71 79 
000000187803.jpg 0 56 60 63 73 
000000084171.jpg 0 3 26 56 60 
000000166637.jpg 2 
000000213731.jpg 0 2 7 9 
000000405361.jpg 0 1 2 9 25 26 28 
000000058231.jpg 45 46 
000000323499.jpg 42 55 73 
000000408204.jpg 0 41 45 48 69 
000000155205.jpg 15 59 73 
000000511024.jpg 57 58 73 
000000027482.jpg 0 2 36 
000000001915.jpg 0 2 3 9 16 
000000194461.jpg 0 2 9 
000000438619.jpg 0 2 5 7 26 
000000308470.jpg 0 2 24 46 56 
000000412566.jpg 0 2 25 40 41 42 43 44 56 58 60 
000000213172.jpg 56 62 73 
000000392302.jpg 39 41 42 43 45 53 60 
000000248141.jpg 0 57 65 
000000055823.jpg 0 58 75 
000000177245.jpg 39 41 63 64 
000000205202.jpg 0 56 58 60 63 66 68 69 70 73 
000000510004.jpg 0 24 41 45 58 60 75 
000000302240.jpg 0 39 71 72 
000000317521.jpg 56 57 60 75 
000000421791.jpg 45 56 60 68 69 70 71 72 
000000542070.jpg 39 41 69 
000000309369.jpg 0 2 9 26 
000000040855.jpg 0 26 39 67 
000000123841.jpg 61 71 
000000043892.jpg 45 46 47 49 
000000581036.jpg 41 42 45 55 56 60 73 
000000209531.jpg 0 62 63 73 
000000345786.jpg 2 7 9 58 
000000439822.jpg 0 13 60 
000000053641.jpg 0 8 
000000231630.jpg 0 21 
000000321506.jpg 43 45 47 60 
000000554085.jpg 0 44 55 60 
000000276089.jpg 0 41 44 55 56 60 
000000541518.jpg 41 56 60 63 
000000263138.jpg 41 43 53 60 
000000137378.jpg 39 40 41 56 57 
000000087986.jpg 0 65 
000000000643.jpg 39 45 62 64 73 77 
000000014764.jpg 59 63 66 73 
000000533706.jpg 0 26 60 67 
000000430711.jpg 39 
000000253871.jpg 0 74 
000000492627.jpg 39 40 56 58 60 69 73 
000000572180.jpg 39 41 45 56 60 68 69 71 72 75 
000000416565.jpg 61 71 
000000081009.jpg 0 2 9 26 
000000015564.jpg 0 27 56 57 
000000143532.jpg 0 16 41 56 60 73 75 
000000008014.jpg 0 16 50 56 60 
000000330341.jpg 0 32 34 35 
000000035643.jpg 0 31 
000000523140.jpg 0 54 
000000397787.jpg 56 57 60 62 65 73 
000000246137.jpg 0 38 
000000162691.jpg 60 75 
000000078320.jpg 56 60 75 
000000144797.jpg 44 45 60 
000000579329.jpg 0 39 40 41 42 43 44 55 56 58 60 
000000577830.jpg 0 39 40 41 42 43 44 45 56 60 
000000122259.jpg 0 40 60 
000000570066.jpg 39 56 58 60 69 71 72 75 
000000424739.jpg 39 43 44 
000000116944.jpg 39 44 69 71 
000000219409.jpg 39 55 69 72 
000000143110.jpg 71 
000000191327.jpg 0 3 24 56 
000000518844.jpg 0 23 26 41 58 60 
000000081571.jpg 0 23 26 58 
000000549612.jpg 0 23 26 
000000558817.jpg 55 60 
000000340523.jpg 0 2 7 9 26 39 
000000465618.jpg 2 6 
000000275130.jpg 0 25 56 
000000170035.jpg 0 2 17 25 
000000554083.jpg 39 41 43 48 60 
000000100579.jpg 0 26 59 
000000545791.jpg 0 56 57 60 62 73 75 
000000064659.jpg 39 56 58 62 63 64 66 67 73 
000000524401.jpg 0 2 13 34 35 56 
000000210267.jpg 43 67 
000000464967.jpg 0 69 
000000395480.jpg 39 41 44 45 69 
000000553441.jpg 0 56 73 
000000328951.jpg 41 42 43 44 45 60 
000000058547.jpg 55 56 60 68 69 71 
000000341941.jpg 39 41 45 56 58 60 62 69 71 72 73 74 75 
000000485852.jpg 0 2 3 
000000078813.jpg 0 2 3 
000000065594.jpg 0 2 3 
000000350819.jpg 0 2 7 13 56 
000000424157.jpg 0 13 26 
000000366048.jpg 0 2 5 26 
000000499425.jpg 0 2 9 67 
000000103589.jpg 0 2 7 24 26 57 
000000216042.jpg 7 43 
000000419681.jpg 0 27 
000000506162.jpg 41 42 51 60 
000000306456.jpg 0 13 32 73 
000000161015.jpg 0 56 57 60 73 
000000088068.jpg 0 2 26 44 45 56 60 
000000149331.jpg 2 7 8 
000000006262.jpg 0 3 
000000284418.jpg 13 60 
000000407135.jpg 0 7 39 56 
000000548088.jpg 42 55 60 
000000088210.jpg 0 34 
000000183538.jpg 0 41 56 60 63 
000000162386.jpg 0 56 60 67 
000000405194.jpg 0 74 
000000383407.jpg 41 42 43 60 
000000325206.jpg 41 45 60 69 
000000544601.jpg 39 41 43 45 56 60 68 69 71 72 
000000173258.jpg 0 2 74 
000000277338.jpg 56 62 63 64 66 
000000039497.jpg 0 5 
000000323717.jpg 0 15 58 60 63 
000000118563.jpg 0 16 41 43 44 45 69 71 
000000103401.jpg 0 32 35 56 
000000021419.jpg 0 36 
000000549284.jpg 0 31 
000000511676.jpg 0 26 56 59 73 74 
000000074273.jpg 0 39 45 53 
000000496782.jpg 56 57 62 63 65 73 
000000350953.jpg 39 41 42 43 60 62 66 73 
000000219465.jpg 45 56 62 
000000547795.jpg 0 56 63 
000000129888.jpg 0 24 25 26 74 
000000552291.jpg 0 39 56 60 
000000369058.jpg 16 73 
000000409774.jpg 71 
000000142746.jpg 39 71 
000000024725.jpg 0 26 71 
000000193853.jpg 2 15 
000000011838.jpg 0 2 3 
000000013678.jpg 15 56 73 
000000130540.jpg 0 27 56 
000000367562.jpg 56 63 64 66 
000000179961.jpg 0 41 45 56 57 60 63 
000000392319.jpg 0 41 56 60 67 
000000348597.jpg 60 75 
000000227675.jpg 41 42 43 45 48 51 60 
